2338
3357
3542
8926
8054
6776
5478
2201
2540
3711
8933
6525
2356
8299
1517
6477
3036
3548
6452
2883
2428
8924
3413
2014
2881
3557
6237
6271
4726
6679
2891
3552
6572
8089
4566
3266
8213
3042
3305
2313
6651
2476
3540
5243
6182
3545
2404
5880
2353
8111
3228
3680
1229
3218
3479
3653
2467
9934
6443
6147
2912
6533
8050
1817
6261
6672
2065
2606
6176
8359
3287
1789
2312
3041
4904
2421
1781
2887
6441
4968
3257
6221
8081
3293
1533
2377
2340
8103
8261
6245
3321
3708
6664
3149
3443
2498
6005
2608
6204
3260
6743
8403
1227
4121
